(kicad_pcb (version 20171130) (host pcbnew "(5.1.10-1-10_14)")

  (general
    (thickness 1.6)
    (drawings 188)
    (tracks 424)
    (zones 0)
    (modules 32)
    (nets 48)
  )

  (page A4)
  (layers
    (0 F.Cu signal)
    (1 In1.Cu power)
    (2 In2.Cu power)
    (31 B.Cu signal)
    (32 B.Adhes user)
    (33 F.Adhes user)
    (34 B.Paste user)
    (35 F.Paste user)
    (36 B.SilkS user)
    (37 F.SilkS user)
    (38 B.Mask user)
    (39 F.Mask user)
    (40 Dwgs.User user)
    (41 Cmts.User user)
    (42 Eco1.User user)
    (43 Eco2.User user)
    (44 Edge.Cuts user)
    (45 Margin user)
    (46 B.CrtYd user)
    (47 F.CrtYd user)
    (48 B.Fab user hide)
    (49 F.Fab user hide)
  )

  (setup
    (last_trace_width 1)
    (user_trace_width 0.3)
    (user_trace_width 0.4)
    (user_trace_width 0.5)
    (user_trace_width 1)
    (trace_clearance 0.2)
    (zone_clearance 0.508)
    (zone_45_only no)
    (trace_min 0.2)
    (via_size 0.8)
    (via_drill 0.4)
    (via_min_size 0.4)
    (via_min_drill 0.3)
    (user_via 1 0.8)
    (uvia_size 0.3)
    (uvia_drill 0.1)
    (uvias_allowed no)
    (uvia_min_size 0.2)
    (uvia_min_drill 0.1)
    (edge_width 0.05)
    (segment_width 0.2)
    (pcb_text_width 0.3)
    (pcb_text_size 1.5 1.5)
    (mod_edge_width 0.12)
    (mod_text_size 1 1)
    (mod_text_width 0.15)
    (pad_size 1.524 1.524)
    (pad_drill 0.762)
    (pad_to_mask_clearance 0)
    (aux_axis_origin 0 0)
    (visible_elements FFFFFF7F)
    (pcbplotparams
      (layerselection 0x010fc_ffffffff)
      (usegerberextensions false)
      (usegerberattributes true)
      (usegerberadvancedattributes true)
      (creategerberjobfile true)
      (excludeedgelayer true)
      (linewidth 0.100000)
      (plotframeref false)
      (viasonmask false)
      (mode 1)
      (useauxorigin false)
      (hpglpennumber 1)
      (hpglpenspeed 20)
      (hpglpendiameter 15.000000)
      (psnegative false)
      (psa4output false)
      (plotreference true)
      (plotvalue true)
      (plotinvisibletext false)
      (padsonsilk false)
      (subtractmaskfromsilk false)
      (outputformat 1)
      (mirror false)
      (drillshape 0)
      (scaleselection 1)
      (outputdirectory "assembly/"))
  )

  (net 0 "")
  (net 1 GND)
  (net 2 +3V3)
  (net 3 +3.3VA)
  (net 4 NRST)
  (net 5 HSE_IN)
  (net 6 "Net-(C10-Pad1)")
  (net 7 "Net-(D1-Pad1)")
  (net 8 "Net-(D1-Pad2)")
  (net 9 LED_STATUS)
  (net 10 "Net-(D2-Pad1)")
  (net 11 "Net-(D3-Pad1)")
  (net 12 PB9)
  (net 13 PB8)
  (net 14 BOOT)
  (net 15 I2C1_SDA)
  (net 16 I2C1_SCL)
  (net 17 PB5)
  (net 18 PB4)
  (net 19 ADC1_IN5)
  (net 20 PA1)
  (net 21 PA2)
  (net 22 PA3)
  (net 23 DAC1_OUT1)
  (net 24 PA5)
  (net 25 PA6)
  (net 26 PA7)
  (net 27 PB0)
  (net 28 PB1)
  (net 29 PB2)
  (net 30 USART3_Tx)
  (net 31 USART3_Rx)
  (net 32 SWCLK)
  (net 33 SWDIO)
  (net 34 SWO)
  (net 35 PB12)
  (net 36 PB13)
  (net 37 PB14)
  (net 38 PB15)
  (net 39 PA8)
  (net 40 USART_Tx)
  (net 41 USART_Rx)
  (net 42 PA11)
  (net 43 PA12)
  (net 44 HSE_OUT)
  (net 45 "Net-(U1-Pad2)")
  (net 46 "Net-(U1-Pad3)")
  (net 47 "Net-(U1-Pad4)")

  (net_class Default "This is the default net class."
    (clearance 0.2)
    (trace_width 0.25)
    (via_dia 0.8)
    (via_drill 0.4)
    (uvia_dia 0.3)
    (uvia_drill 0.1)
    (add_net +3.3VA)
    (add_net +3V3)
    (add_net ADC1_IN5)
    (add_net BOOT)
    (add_net DAC1_OUT1)
    (add_net GND)
    (add_net HSE_IN)
    (add_net HSE_OUT)
    (add_net I2C1_SCL)
    (add_net I2C1_SDA)
    (add_net LED_STATUS)
    (add_net NRST)
    (add_net "Net-(C10-Pad1)")
    (add_net "Net-(D1-Pad1)")
    (add_net "Net-(D1-Pad2)")
    (add_net "Net-(D2-Pad1)")
    (add_net "Net-(D3-Pad1)")
    (add_net "Net-(U1-Pad2)")
    (add_net "Net-(U1-Pad3)")
    (add_net "Net-(U1-Pad4)")
    (add_net PA1)
    (add_net PA11)
    (add_net PA12)
    (add_net PA2)
    (add_net PA3)
    (add_net PA5)
    (add_net PA6)
    (add_net PA7)
    (add_net PA8)
    (add_net PB0)
    (add_net PB1)
    (add_net PB12)
    (add_net PB13)
    (add_net PB14)
    (add_net PB15)
    (add_net PB2)
    (add_net PB4)
    (add_net PB5)
    (add_net PB8)
    (add_net PB9)
    (add_net SWCLK)
    (add_net SWDIO)
    (add_net SWO)
    (add_net USART3_Rx)
    (add_net USART3_Tx)
    (add_net USART_Rx)
    (add_net USART_Tx)
  )

  (module MySilkScreens:raptor_large (layer F.Cu) (tedit 0) (tstamp 61EF6DCE)
    (at 167.386 71.501)
    (attr smd)
    (fp_text reference G*** (at 0 0) (layer F.SilkS) hide
      (effects (font (size 1.524 1.524) (thickness 0.3)))
    )
    (fp_text value LOGO (at 0.75 0) (layer F.SilkS) hide
      (effects (font (size 1.524 1.524) (thickness 0.3)))
    )
    (fp_poly (pts (xy 5.283129 -3.015718) (xy 5.512697 -3.006869) (xy 5.725474 -2.990361) (xy 5.935954 -2.964928)
      (xy 6.158633 -2.929302) (xy 6.269182 -2.909136) (xy 6.439128 -2.874645) (xy 6.570624 -2.841243)
      (xy 6.67114 -2.805852) (xy 6.748142 -2.765393) (xy 6.809101 -2.71679) (xy 6.852228 -2.668858)
      (xy 6.905993 -2.588068) (xy 6.923253 -2.518751) (xy 6.904365 -2.448845) (xy 6.860801 -2.380806)
      (xy 6.821952 -2.332546) (xy 6.781314 -2.292852) (xy 6.733059 -2.259653) (xy 6.671359 -2.23088)
      (xy 6.590387 -2.204464) (xy 6.484315 -2.178334) (xy 6.347315 -2.150422) (xy 6.173559 -2.118657)
      (xy 6.072909 -2.101002) (xy 5.829832 -2.055806) (xy 5.62762 -2.011417) (xy 5.461052 -1.966152)
      (xy 5.324906 -1.918324) (xy 5.213961 -1.866248) (xy 5.122994 -1.808237) (xy 5.093036 -1.784667)
      (xy 5.06078 -1.748624) (xy 5.014109 -1.684314) (xy 4.957861 -1.598987) (xy 4.896873 -1.499897)
      (xy 4.853996 -1.426308) (xy 4.791667 -1.318888) (xy 4.730373 -1.217061) (xy 4.675193 -1.128994)
      (xy 4.631204 -1.062857) (xy 4.611053 -1.035538) (xy 4.572071 -0.993138) (xy 4.507204 -0.929377)
      (xy 4.423171 -0.850572) (xy 4.326693 -0.763035) (xy 4.234942 -0.682151) (xy 4.120738 -0.582223)
      (xy 4.033984 -0.502307) (xy 3.969847 -0.434472) (xy 3.923495 -0.370786) (xy 3.890097 -0.303318)
      (xy 3.864819 -0.224135) (xy 3.84283 -0.125305) (xy 3.819554 -0.000314) (xy 3.780809 0.213232)
      (xy 4.384605 0.804534) (xy 4.31657 0.960668) (xy 4.242074 1.127343) (xy 4.177268 1.261262)
      (xy 4.118811 1.367158) (xy 4.063364 1.449766) (xy 4.007588 1.513818) (xy 3.948143 1.564048)
      (xy 3.881689 1.605189) (xy 3.850739 1.620968) (xy 3.740087 1.668765) (xy 3.650865 1.69125)
      (xy 3.570744 1.689774) (xy 3.487395 1.66569) (xy 3.477823 1.661851) (xy 3.408644 1.625917)
      (xy 3.335172 1.5759) (xy 3.267323 1.52017) (xy 3.215013 1.467097) (xy 3.188157 1.425049)
      (xy 3.186546 1.416005) (xy 3.196871 1.376016) (xy 3.221697 1.328707) (xy 3.251793 1.288573)
      (xy 3.277933 1.270107) (xy 3.279502 1.27) (xy 3.297564 1.28643) (xy 3.302 1.31051)
      (xy 3.313334 1.342122) (xy 3.342602 1.343828) (xy 3.382706 1.318556) (xy 3.426544 1.269236)
      (xy 3.436194 1.255129) (xy 3.478876 1.202229) (xy 3.517418 1.17574) (xy 3.5453 1.178043)
      (xy 3.556 1.211385) (xy 3.572109 1.2429) (xy 3.614581 1.250087) (xy 3.67463 1.233964)
      (xy 3.743471 1.195552) (xy 3.753273 1.188482) (xy 3.814526 1.133701) (xy 3.87507 1.06435)
      (xy 3.926752 0.991673) (xy 3.961415 0.92691) (xy 3.97142 0.887771) (xy 3.956616 0.853246)
      (xy 3.920586 0.809215) (xy 3.876315 0.768668) (xy 3.836786 0.744594) (xy 3.826173 0.742462)
      (xy 3.8081 0.758576) (xy 3.779462 0.799748) (xy 3.760834 0.831393) (xy 3.695884 0.91561)
      (xy 3.608864 0.982337) (xy 3.506757 1.031269) (xy 3.396548 1.062104) (xy 3.285221 1.074538)
      (xy 3.17976 1.068268) (xy 3.087149 1.042991) (xy 3.014372 0.998403) (xy 2.968413 0.934203)
      (xy 2.955637 0.866352) (xy 2.960905 0.822526) (xy 2.986355 0.80358) (xy 3.030682 0.79743)
      (xy 3.084547 0.787226) (xy 3.107857 0.761311) (xy 3.113034 0.737577) (xy 3.120959 0.698859)
      (xy 3.137451 0.687319) (xy 3.173109 0.701604) (xy 3.212811 0.724836) (xy 3.29106 0.75414)
      (xy 3.362777 0.744979) (xy 3.425814 0.697792) (xy 3.441176 0.678437) (xy 3.478994 0.612395)
      (xy 3.484823 0.558632) (xy 3.455602 0.513913) (xy 3.388266 0.475001) (xy 3.279755 0.43866)
      (xy 3.193513 0.41672) (xy 3.090479 0.38933) (xy 2.993958 0.35838) (xy 2.92045 0.329319)
      (xy 2.904177 0.321141) (xy 2.802441 0.280811) (xy 2.709421 0.273482) (xy 2.631811 0.29737)
      (xy 2.576304 0.350688) (xy 2.551983 0.415085) (xy 2.528576 0.507586) (xy 2.490566 0.600242)
      (xy 2.434706 0.697617) (xy 2.357751 0.804277) (xy 2.256456 0.924785) (xy 2.127576 1.063708)
      (xy 1.994866 1.19873) (xy 1.844306 1.350841) (xy 1.723348 1.47721) (xy 1.629779 1.580422)
      (xy 1.561384 1.663061) (xy 1.515951 1.72771) (xy 1.491267 1.776953) (xy 1.486976 1.791667)
      (xy 1.479767 1.861204) (xy 1.481761 1.949224) (xy 1.491444 2.041486) (xy 1.507301 2.123751)
      (xy 1.527818 2.181782) (xy 1.528628 2.183244) (xy 1.572454 2.228828) (xy 1.636108 2.242198)
      (xy 1.722489 2.223577) (xy 1.775284 2.202261) (xy 1.882842 2.159201) (xy 1.965553 2.140195)
      (xy 2.033492 2.143727) (xy 2.074248 2.157278) (xy 2.142053 2.195665) (xy 2.209669 2.247884)
      (xy 2.266575 2.304047) (xy 2.30225 2.354268) (xy 2.309091 2.377951) (xy 2.309091 2.422195)
      (xy 2.234046 2.383478) (xy 2.152642 2.355703) (xy 2.06242 2.344688) (xy 1.991807 2.351985)
      (xy 1.954735 2.376606) (xy 1.949784 2.422449) (xy 1.975533 2.493413) (xy 1.99463 2.530667)
      (xy 2.03472 2.596224) (xy 2.075655 2.637207) (xy 2.131716 2.666426) (xy 2.156483 2.675856)
      (xy 2.221882 2.706402) (xy 2.295283 2.751022) (xy 2.367716 2.80275) (xy 2.430214 2.854615)
      (xy 2.473809 2.899651) (xy 2.489532 2.930887) (xy 2.488868 2.934123) (xy 2.464035 2.96327)
      (xy 2.411821 2.98539) (xy 2.327532 3.001386) (xy 2.206476 3.012158) (xy 2.04988 3.01846)
      (xy 1.918551 3.02008) (xy 1.787953 3.018671) (xy 1.673247 3.014573) (xy 1.589999 3.008173)
      (xy 1.473435 2.991988) (xy 1.392439 2.973127) (xy 1.33644 2.947184) (xy 1.29487 2.909758)
      (xy 1.268637 2.874278) (xy 1.229306 2.8236) (xy 1.191613 2.78834) (xy 1.179758 2.781583)
      (xy 1.143134 2.775739) (xy 1.070899 2.770444) (xy 0.973627 2.766293) (xy 0.865909 2.763928)
      (xy 0.676307 2.756009) (xy 0.512909 2.737879) (xy 0.381307 2.710524) (xy 0.287094 2.674934)
      (xy 0.258603 2.656666) (xy 0.232018 2.621498) (xy 0.205609 2.556314) (xy 0.17804 2.457465)
      (xy 0.164668 2.399986) (xy 0.132542 2.249696) (xy 0.103111 2.10093) (xy 0.077281 1.959335)
      (xy 0.060897 1.860376) (xy 0.600364 1.860376) (xy 0.607988 1.985338) (xy 0.629758 2.087808)
      (xy 0.664022 2.162221) (xy 0.700793 2.198704) (xy 0.753949 2.217923) (xy 0.819249 2.22654)
      (xy 0.878044 2.223662) (xy 0.911381 2.208818) (xy 0.910071 2.182582) (xy 0.893597 2.131659)
      (xy 0.865565 2.067164) (xy 0.831835 1.988747) (xy 0.80478 1.910616) (xy 0.792415 1.860512)
      (xy 0.788364 1.82317) (xy 0.792288 1.788756) (xy 0.807834 1.749499) (xy 0.838653 1.697628)
      (xy 0.888392 1.625373) (xy 0.93014 1.567196) (xy 1.015255 1.444926) (xy 1.071883 1.352839)
      (xy 1.100006 1.290348) (xy 1.099606 1.256866) (xy 1.070666 1.251809) (xy 1.013168 1.27459)
      (xy 0.927095 1.324623) (xy 0.922944 1.327255) (xy 0.787705 1.4254) (xy 0.693002 1.525507)
      (xy 0.633803 1.635891) (xy 0.605079 1.764867) (xy 0.600364 1.860376) (xy 0.060897 1.860376)
      (xy 0.055959 1.830557) (xy 0.04005 1.720244) (xy 0.030462 1.634043) (xy 0.0281 1.5776)
      (xy 0.030082 1.561706) (xy 0.048746 1.527255) (xy 0.088831 1.469539) (xy 0.144351 1.396745)
      (xy 0.206164 1.320817) (xy 0.274393 1.235893) (xy 0.335926 1.152706) (xy 0.383422 1.081576)
      (xy 0.407479 1.037839) (xy 0.43324 0.9839) (xy 0.463177 0.93414) (xy 0.502753 0.881987)
      (xy 0.557432 0.820871) (xy 0.632679 0.744221) (xy 0.732951 0.646437) (xy 0.805868 0.573635)
      (xy 0.865912 0.508999) (xy 0.90713 0.459277) (xy 0.923568 0.431219) (xy 0.923637 0.430284)
      (xy 0.900934 0.381404) (xy 0.833134 0.326394) (xy 0.720696 0.265524) (xy 0.56408 0.199065)
      (xy 0.473317 0.165248) (xy 0.365771 0.124304) (xy 0.258486 0.079623) (xy 0.169465 0.038824)
      (xy 0.144656 0.026181) (xy 0.052616 -0.020355) (xy -0.051559 -0.069453) (xy -0.109344 -0.095021)
      (xy -0.256859 -0.150632) (xy -0.443427 -0.209184) (xy -0.66222 -0.269173) (xy -0.906408 -0.329095)
      (xy -1.169163 -0.387448) (xy -1.443655 -0.442726) (xy -1.723055 -0.493426) (xy -2.000535 -0.538044)
      (xy -2.269267 -0.575076) (xy -2.314246 -0.580588) (xy -2.438832 -0.591896) (xy -2.60076 -0.601049)
      (xy -2.791257 -0.608007) (xy -3.00155 -0.612729) (xy -3.222868 -0.615174) (xy -3.446437 -0.615302)
      (xy -3.663486 -0.613071) (xy -3.865241 -0.608442) (xy -4.04293 -0.601372) (xy -4.18778 -0.591822)
      (xy -4.214091 -0.589411) (xy -4.520417 -0.557931) (xy -4.807531 -0.524866) (xy -5.086632 -0.488617)
      (xy -5.368922 -0.447581) (xy -5.6656 -0.400158) (xy -5.987866 -0.344748) (xy -6.227938 -0.301581)
      (xy -6.388176 -0.272751) (xy -6.535678 -0.246967) (xy -6.663764 -0.225335) (xy -6.765751 -0.208965)
      (xy -6.83496 -0.198963) (xy -6.862938 -0.196294) (xy -6.882823 -0.202709) (xy -6.862811 -0.219661)
      (xy -6.807012 -0.245844) (xy -6.719539 -0.279951) (xy -6.604502 -0.320676) (xy -6.466014 -0.36671)
      (xy -6.308185 -0.416749) (xy -6.135127 -0.469484) (xy -5.950951 -0.52361) (xy -5.75977 -0.577818)
      (xy -5.565694 -0.630803) (xy -5.372835 -0.681258) (xy -5.207 -0.722622) (xy -4.867642 -0.801756)
      (xy -4.533531 -0.8725) (xy -4.19983 -0.935393) (xy -3.861705 -0.990971) (xy -3.514318 -1.039773)
      (xy -3.152833 -1.082335) (xy -2.772416 -1.119196) (xy -2.368229 -1.150891) (xy -1.935437 -1.17796)
      (xy -1.469204 -1.200939) (xy -0.964694 -1.220366) (xy -0.635 -1.230734) (xy -0.358235 -1.239175)
      (xy -0.122518 -1.247387) (xy 0.077277 -1.255817) (xy 0.246276 -1.264912) (xy 0.389605 -1.275117)
      (xy 0.512392 -1.28688) (xy 0.619763 -1.300646) (xy 0.716843 -1.316863) (xy 0.80876 -1.335976)
      (xy 0.900639 -1.358433) (xy 0.934876 -1.367471) (xy 1.299308 -1.455655) (xy 1.651792 -1.520196)
      (xy 2.006616 -1.562923) (xy 2.378067 -1.585665) (xy 2.678546 -1.590709) (xy 2.839146 -1.590564)
      (xy 2.961453 -1.589561) (xy 3.053354 -1.587062) (xy 3.122735 -1.582427) (xy 3.177485 -1.575018)
      (xy 3.225491 -1.564194) (xy 3.274639 -1.549318) (xy 3.302 -1.540197) (xy 3.453132 -1.49525)
      (xy 3.5723 -1.47465) (xy 3.6641 -1.478864) (xy 3.733126 -1.50836) (xy 3.78397 -1.563605)
      (xy 3.799175 -1.59083) (xy 3.811651 -1.630234) (xy 3.827237 -1.701103) (xy 3.844575 -1.796008)
      (xy 3.862303 -1.907521) (xy 3.878521 -2.024041) (xy 3.901577 -2.19393) (xy 3.922869 -2.33042)
      (xy 3.943804 -2.439094) (xy 3.96579 -2.525539) (xy 3.990234 -2.59534) (xy 4.018543 -2.65408)
      (xy 4.049924 -2.704185) (xy 4.148288 -2.824866) (xy 4.25453 -2.911266) (xy 4.375044 -2.968162)
      (xy 4.421909 -2.982022) (xy 4.480009 -2.994927) (xy 4.544857 -3.004442) (xy 4.624407 -3.011046)
      (xy 4.726614 -3.015219) (xy 4.859431 -3.017439) (xy 5.022273 -3.018176) (xy 5.283129 -3.015718)) (layer F.SilkS) (width 0.01))
  )

  (module Capacitor_SMD:C_0402_1005Metric_Pad0.74x0.62mm_HandSolder (layer F.Cu) (tedit 5F6BB22C) (tstamp 61ED5125)
    (at 168.5965 53.975 180)
    (descr "Capacitor SMD 0402 (1005 Metric), square (rectangular) end terminal, IPC_7351 nominal with elongated pad for handsoldering. (Body size source: IPC-SM-782 page 76, https://www.pcb-3d.com/wordpress/wp-content/uploads/ipc-sm-782a_amendment_1_and_2.pdf), generated with kicad-footprint-generator")
    (tags "capacitor handsolder")
    (path /61F0F66D)
    (attr smd)
    (fp_text reference C6 (at 0 0) (layer B.SilkS)
      (effects (font (size 0.6 0.6) (thickness 0.15)) (justify mirror))
    )
    (fp_text value 10n (at 0 1.16) (layer F.Fab)
      (effects (font (size 1 1) (thickness 0.15)))
    )
    (fp_line (start 1.08 0.46) (end -1.08 0.46) (layer F.CrtYd) (width 0.05))
    (fp_line (start 1.08 -0.46) (end 1.08 0.46) (layer F.CrtYd) (width 0.05))
    (fp_line (start -1.08 -0.46) (end 1.08 -0.46) (layer F.CrtYd) (width 0.05))
    (fp_line (start -1.08 0.46) (end -1.08 -0.46) (layer F.CrtYd) (width 0.05))
    (fp_line (start -0.115835 0.36) (end 0.115835 0.36) (layer F.SilkS) (width 0.12))
    (fp_line (start -0.115835 -0.36) (end 0.115835 -0.36) (layer F.SilkS) (width 0.12))
    (fp_line (start 0.5 0.25) (end -0.5 0.25) (layer F.Fab) (width 0.1))
    (fp_line (start 0.5 -0.25) (end 0.5 0.25) (layer F.Fab) (width 0.1))
    (fp_line (start -0.5 -0.25) (end 0.5 -0.25) (layer F.Fab) (width 0.1))
    (fp_line (start -0.5 0.25) (end -0.5 -0.25) (layer F.Fab) (width 0.1))
    (fp_text user %R (at 0 0) (layer F.Fab)
      (effects (font (size 0.25 0.25) (thickness 0.04)))
    )
    (pad 1 smd roundrect (at -0.5675 0 180) (size 0.735 0.62) (layers F.Cu F.Paste F.Mask) (roundrect_rratio 0.25)
      (net 3 +3.3VA))
    (pad 2 smd roundrect (at 0.5675 0 180) (size 0.735 0.62) (layers F.Cu F.Paste F.Mask) (roundrect_rratio 0.25)
      (net 1 GND))
    (model ${KISYS3DMOD}/Capacitor_SMD.3dshapes/C_0402_1005Metric.wrl
      (at (xyz 0 0 0))
      (scale (xyz 1 1 1))
      (rotate (xyz 0 0 0))
    )
  )

  (module Capacitor_SMD:C_0402_1005Metric_Pad0.74x0.62mm_HandSolder (layer F.Cu) (tedit 5F6BB22C) (tstamp 61ED5169)
    (at 168.656 49.65554 90)
    (descr "Capacitor SMD 0402 (1005 Metric), square (rectangular) end terminal, IPC_7351 nominal with elongated pad for handsoldering. (Body size source: IPC-SM-782 page 76, https://www.pcb-3d.com/wordpress/wp-content/uploads/ipc-sm-782a_amendment_1_and_2.pdf), generated with kicad-footprint-generator")
    (tags "capacitor handsolder")
    (path /61F3C45A)
    (attr smd)
    (fp_text reference C10 (at -0.00146 0 270) (layer B.SilkS)
      (effects (font (size 0.6 0.6) (thickness 0.15)) (justify mirror))
    )
    (fp_text value 10p (at 0 1.16 90) (layer F.Fab)
      (effects (font (size 1 1) (thickness 0.15)))
    )
    (fp_text user %R (at 0 0 90) (layer F.Fab)
      (effects (font (size 0.25 0.25) (thickness 0.04)))
    )
    (fp_line (start -0.5 0.25) (end -0.5 -0.25) (layer F.Fab) (width 0.1))
    (fp_line (start -0.5 -0.25) (end 0.5 -0.25) (layer F.Fab) (width 0.1))
    (fp_line (start 0.5 -0.25) (end 0.5 0.25) (layer F.Fab) (width 0.1))
    (fp_line (start 0.5 0.25) (end -0.5 0.25) (layer F.Fab) (width 0.1))
    (fp_line (start -0.115835 -0.36) (end 0.115835 -0.36) (layer F.SilkS) (width 0.12))
    (fp_line (start -0.115835 0.36) (end 0.115835 0.36) (layer F.SilkS) (width 0.12))
    (fp_line (start -1.08 0.46) (end -1.08 -0.46) (layer F.CrtYd) (width 0.05))
    (fp_line (start -1.08 -0.46) (end 1.08 -0.46) (layer F.CrtYd) (width 0.05))
    (fp_line (start 1.08 -0.46) (end 1.08 0.46) (layer F.CrtYd) (width 0.05))
    (fp_line (start 1.08 0.46) (end -1.08 0.46) (layer F.CrtYd) (width 0.05))
    (pad 2 smd roundrect (at 0.5675 0 90) (size 0.735 0.62) (layers F.Cu F.Paste F.Mask) (roundrect_rratio 0.25)
      (net 1 GND))
    (pad 1 smd roundrect (at -0.5675 0 90) (size 0.735 0.62) (layers F.Cu F.Paste F.Mask) (roundrect_rratio 0.25)
      (net 6 "Net-(C10-Pad1)"))
    (model ${KISYS3DMOD}/Capacitor_SMD.3dshapes/C_0402_1005Metric.wrl
      (at (xyz 0 0 0))
      (scale (xyz 1 1 1))
      (rotate (xyz 0 0 0))
    )
  )

  (module Capacitor_SMD:C_0603_1608Metric_Pad1.08x0.95mm_HandSolder (layer F.Cu) (tedit 5F68FEEF) (tstamp 61ED5114)
    (at 177.69812 67.91988 225)
    (descr "Capacitor SMD 0603 (1608 Metric), square (rectangular) end terminal, IPC_7351 nominal with elongated pad for handsoldering. (Body size source: IPC-SM-782 page 76, https://www.pcb-3d.com/wordpress/wp-content/uploads/ipc-sm-782a_amendment_1_and_2.pdf), generated with kicad-footprint-generator")
    (tags "capacitor handsolder")
    (path /61EF32CF)
    (attr smd)
    (fp_text reference C5 (at 0.035525 0 45) (layer B.SilkS)
      (effects (font (size 1 1) (thickness 0.15)) (justify mirror))
    )
    (fp_text value 10u (at 0 1.43 45) (layer F.Fab)
      (effects (font (size 1 1) (thickness 0.15)))
    )
    (fp_text user %R (at 0 0 45) (layer F.Fab)
      (effects (font (size 0.4 0.4) (thickness 0.06)))
    )
    (fp_line (start -0.8 0.4) (end -0.8 -0.4) (layer F.Fab) (width 0.1))
    (fp_line (start -0.8 -0.4) (end 0.8 -0.4) (layer F.Fab) (width 0.1))
    (fp_line (start 0.8 -0.4) (end 0.8 0.4) (layer F.Fab) (width 0.1))
    (fp_line (start 0.8 0.4) (end -0.8 0.4) (layer F.Fab) (width 0.1))
    (fp_line (start -0.146267 -0.51) (end 0.146267 -0.51) (layer F.SilkS) (width 0.12))
    (fp_line (start -0.146267 0.51) (end 0.146267 0.51) (layer F.SilkS) (width 0.12))
    (fp_line (start -1.65 0.73) (end -1.65 -0.73) (layer F.CrtYd) (width 0.05))
    (fp_line (start -1.65 -0.73) (end 1.65 -0.73) (layer F.CrtYd) (width 0.05))
    (fp_line (start 1.65 -0.73) (end 1.65 0.73) (layer F.CrtYd) (width 0.05))
    (fp_line (start 1.65 0.73) (end -1.65 0.73) (layer F.CrtYd) (width 0.05))
    (pad 2 smd roundrect (at 0.8625 0 225) (size 1.075 0.95) (layers F.Cu F.Paste F.Mask) (roundrect_rratio 0.25)
      (net 1 GND))
    (pad 1 smd roundrect (at -0.8625 0 225) (size 1.075 0.95) (layers F.Cu F.Paste F.Mask) (roundrect_rratio 0.25)
      (net 2 +3V3))
    (model ${KISYS3DMOD}/Capacitor_SMD.3dshapes/C_0603_1608Metric.wrl
      (at (xyz 0 0 0))
      (scale (xyz 1 1 1))
      (rotate (xyz 0 0 0))
    )
  )

  (module Connector_PinHeader_2.54mm:PinHeader_1x10_P2.54mm_Vertical (layer F.Cu) (tedit 59FED5CC) (tstamp 61ED9FFF)
    (at 160.02 81.28 90)
    (descr "Through hole straight pin header, 1x10, 2.54mm pitch, single row")
    (tags "Through hole pin header THT 1x10 2.54mm single row")
    (path /61F5C319)
    (fp_text reference J6 (at 2.794 0) (layer B.SilkS) hide
      (effects (font (size 1 1) (thickness 0.15)) (justify mirror))
    )
    (fp_text value Conn_01x10 (at 0 25.19 90) (layer F.Fab)
      (effects (font (size 1 1) (thickness 0.15)))
    )
    (fp_text user %R (at 0 11.43) (layer F.Fab)
      (effects (font (size 1 1) (thickness 0.15)))
    )
    (fp_line (start -0.635 -1.27) (end 1.27 -1.27) (layer F.Fab) (width 0.1))
    (fp_line (start 1.27 -1.27) (end 1.27 24.13) (layer F.Fab) (width 0.1))
    (fp_line (start 1.27 24.13) (end -1.27 24.13) (layer F.Fab) (width 0.1))
    (fp_line (start -1.27 24.13) (end -1.27 -0.635) (layer F.Fab) (width 0.1))
    (fp_line (start -1.27 -0.635) (end -0.635 -1.27) (layer F.Fab) (width 0.1))
    (fp_line (start -1.33 24.19) (end 1.33 24.19) (layer F.SilkS) (width 0.12))
    (fp_line (start -1.33 1.27) (end -1.33 24.19) (layer F.SilkS) (width 0.12))
    (fp_line (start 1.33 1.27) (end 1.33 24.19) (layer F.SilkS) (width 0.12))
    (fp_line (start -1.33 1.27) (end 1.33 1.27) (layer F.SilkS) (width 0.12))
    (fp_line (start -1.33 0) (end -1.33 -1.33) (layer F.SilkS) (width 0.12))
    (fp_line (start -1.33 -1.33) (end 0 -1.33) (layer F.SilkS) (width 0.12))
    (fp_line (start -1.8 -1.8) (end -1.8 24.65) (layer F.CrtYd) (width 0.05))
    (fp_line (start -1.8 24.65) (end 1.8 24.65) (layer F.CrtYd) (width 0.05))
    (fp_line (start 1.8 24.65) (end 1.8 -1.8) (layer F.CrtYd) (width 0.05))
    (fp_line (start 1.8 -1.8) (end -1.8 -1.8) (layer F.CrtYd) (width 0.05))
    (pad 10 thru_hole oval (at 0 22.86 90) (size 1.7 1.7) (drill 1) (layers *.Cu *.Mask)
      (net 43 PA12))
    (pad 9 thru_hole oval (at 0 20.32 90) (size 1.7 1.7) (drill 1) (layers *.Cu *.Mask)
      (net 42 PA11))
    (pad 8 thru_hole oval (at 0 17.78 90) (size 1.7 1.7) (drill 1) (layers *.Cu *.Mask)
      (net 41 USART_Rx))
    (pad 7 thru_hole oval (at 0 15.24 90) (size 1.7 1.7) (drill 1) (layers *.Cu *.Mask)
      (net 40 USART_Tx))
    (pad 6 thru_hole oval (at 0 12.7 90) (size 1.7 1.7) (drill 1) (layers *.Cu *.Mask)
      (net 1 GND))
    (pad 5 thru_hole oval (at 0 10.16 90) (size 1.7 1.7) (drill 1) (layers *.Cu *.Mask)
      (net 39 PA8))
    (pad 4 thru_hole oval (at 0 7.62 90) (size 1.7 1.7) (drill 1) (layers *.Cu *.Mask)
      (net 38 PB15))
    (pad 3 thru_hole oval (at 0 5.08 90) (size 1.7 1.7) (drill 1) (layers *.Cu *.Mask)
      (net 37 PB14))
    (pad 2 thru_hole oval (at 0 2.54 90) (size 1.7 1.7) (drill 1) (layers *.Cu *.Mask)
      (net 36 PB13))
    (pad 1 thru_hole rect (at 0 0 90) (size 1.7 1.7) (drill 1) (layers *.Cu *.Mask)
      (net 35 PB12))
    (model ${KISYS3DMOD}/Connector_PinHeader_2.54mm.3dshapes/PinHeader_1x10_P2.54mm_Vertical.wrl
      (at (xyz 0 0 0))
      (scale (xyz 1 1 1))
      (rotate (xyz 0 0 0))
    )
  )

  (module Connector_PinHeader_2.54mm:PinHeader_1x01_P2.54mm_Vertical (layer B.Cu) (tedit 59FED5CC) (tstamp 61ED531C)
    (at 193.04 83.82)
    (descr "Through hole straight pin header, 1x01, 2.54mm pitch, single row")
    (tags "Through hole pin header THT 1x01 2.54mm single row")
    (path /6211CFB7)
    (fp_text reference J9 (at -2.54 0.127) (layer B.SilkS) hide
      (effects (font (size 1 1) (thickness 0.15)) (justify mirror))
    )
    (fp_text value Conn_01x01 (at 0 -2.33) (layer B.Fab)
      (effects (font (size 1 1) (thickness 0.15)) (justify mirror))
    )
    (fp_line (start 1.8 1.8) (end -1.8 1.8) (layer B.CrtYd) (width 0.05))
    (fp_line (start 1.8 -1.8) (end 1.8 1.8) (layer B.CrtYd) (width 0.05))
    (fp_line (start -1.8 -1.8) (end 1.8 -1.8) (layer B.CrtYd) (width 0.05))
    (fp_line (start -1.8 1.8) (end -1.8 -1.8) (layer B.CrtYd) (width 0.05))
    (fp_line (start -1.33 1.33) (end 0 1.33) (layer B.SilkS) (width 0.12))
    (fp_line (start -1.33 0) (end -1.33 1.33) (layer B.SilkS) (width 0.12))
    (fp_line (start -1.33 -1.27) (end 1.33 -1.27) (layer B.SilkS) (width 0.12))
    (fp_line (start 1.33 -1.27) (end 1.33 -1.33) (layer B.SilkS) (width 0.12))
    (fp_line (start -1.33 -1.27) (end -1.33 -1.33) (layer B.SilkS) (width 0.12))
    (fp_line (start -1.33 -1.33) (end 1.33 -1.33) (layer B.SilkS) (width 0.12))
    (fp_line (start -1.27 0.635) (end -0.635 1.27) (layer B.Fab) (width 0.1))
    (fp_line (start -1.27 -1.27) (end -1.27 0.635) (layer B.Fab) (width 0.1))
    (fp_line (start 1.27 -1.27) (end -1.27 -1.27) (layer B.Fab) (width 0.1))
    (fp_line (start 1.27 1.27) (end 1.27 -1.27) (layer B.Fab) (width 0.1))
    (fp_line (start -0.635 1.27) (end 1.27 1.27) (layer B.Fab) (width 0.1))
    (fp_text user %R (at 0 0 -90) (layer B.Fab)
      (effects (font (size 1 1) (thickness 0.15)) (justify mirror))
    )
    (pad 1 thru_hole rect (at 0 0) (size 1.7 1.7) (drill 1) (layers *.Cu *.Mask)
      (net 1 GND))
    (model ${KISYS3DMOD}/Connector_PinHeader_2.54mm.3dshapes/PinHeader_1x01_P2.54mm_Vertical.wrl
      (at (xyz 0 0 0))
      (scale (xyz 1 1 1))
      (rotate (xyz 0 0 0))
    )
  )

  (module Capacitor_SMD:C_0402_1005Metric_Pad0.74x0.62mm_HandSolder (layer F.Cu) (tedit 5F6BB22C) (tstamp 61ED50D0)
    (at 175.8275 54.61)
    (descr "Capacitor SMD 0402 (1005 Metric), square (rectangular) end terminal, IPC_7351 nominal with elongated pad for handsoldering. (Body size source: IPC-SM-782 page 76, https://www.pcb-3d.com/wordpress/wp-content/uploads/ipc-sm-782a_amendment_1_and_2.pdf), generated with kicad-footprint-generator")
    (tags "capacitor handsolder")
    (path /61EEBB74)
    (attr smd)
    (fp_text reference C1 (at 0.0675 0) (layer B.SilkS)
      (effects (font (size 0.6 0.6) (thickness 0.15)) (justify mirror))
    )
    (fp_text value 100n (at 0 1.16) (layer F.Fab)
      (effects (font (size 1 1) (thickness 0.15)))
    )
    (fp_text user %R (at 0 0) (layer F.Fab)
      (effects (font (size 0.25 0.25) (thickness 0.04)))
    )
    (fp_line (start -0.5 0.25) (end -0.5 -0.25) (layer F.Fab) (width 0.1))
    (fp_line (start -0.5 -0.25) (end 0.5 -0.25) (layer F.Fab) (width 0.1))
    (fp_line (start 0.5 -0.25) (end 0.5 0.25) (layer F.Fab) (width 0.1))
    (fp_line (start 0.5 0.25) (end -0.5 0.25) (layer F.Fab) (width 0.1))
    (fp_line (start -0.115835 -0.36) (end 0.115835 -0.36) (layer F.SilkS) (width 0.12))
    (fp_line (start -0.115835 0.36) (end 0.115835 0.36) (layer F.SilkS) (width 0.12))
    (fp_line (start -1.08 0.46) (end -1.08 -0.46) (layer F.CrtYd) (width 0.05))
    (fp_line (start -1.08 -0.46) (end 1.08 -0.46) (layer F.CrtYd) (width 0.05))
    (fp_line (start 1.08 -0.46) (end 1.08 0.46) (layer F.CrtYd) (width 0.05))
    (fp_line (start 1.08 0.46) (end -1.08 0.46) (layer F.CrtYd) (width 0.05))
    (pad 2 smd roundrect (at 0.5675 0) (size 0.735 0.62) (layers F.Cu F.Paste F.Mask) (roundrect_rratio 0.25)
      (net 1 GND))
    (pad 1 smd roundrect (at -0.5675 0) (size 0.735 0.62) (layers F.Cu F.Paste F.Mask) (roundrect_rratio 0.25)
      (net 2 +3V3))
    (model ${KISYS3DMOD}/Capacitor_SMD.3dshapes/C_0402_1005Metric.wrl
      (at (xyz 0 0 0))
      (scale (xyz 1 1 1))
      (rotate (xyz 0 0 0))
    )
  )

  (module Capacitor_SMD:C_0402_1005Metric_Pad0.74x0.62mm_HandSolder (layer F.Cu) (tedit 5F6BB22C) (tstamp 61ED50E1)
    (at 177.8 57.15 315)
    (descr "Capacitor SMD 0402 (1005 Metric), square (rectangular) end terminal, IPC_7351 nominal with elongated pad for handsoldering. (Body size source: IPC-SM-782 page 76, https://www.pcb-3d.com/wordpress/wp-content/uploads/ipc-sm-782a_amendment_1_and_2.pdf), generated with kicad-footprint-generator")
    (tags "capacitor handsolder")
    (path /61EED045)
    (attr smd)
    (fp_text reference C2 (at 0 0 135) (layer B.SilkS)
      (effects (font (size 0.6 0.6) (thickness 0.15)) (justify mirror))
    )
    (fp_text value 100n (at 0 1.16 135) (layer F.Fab)
      (effects (font (size 1 1) (thickness 0.15)))
    )
    (fp_line (start 1.08 0.46) (end -1.08 0.46) (layer F.CrtYd) (width 0.05))
    (fp_line (start 1.08 -0.46) (end 1.08 0.46) (layer F.CrtYd) (width 0.05))
    (fp_line (start -1.08 -0.46) (end 1.08 -0.46) (layer F.CrtYd) (width 0.05))
    (fp_line (start -1.08 0.46) (end -1.08 -0.46) (layer F.CrtYd) (width 0.05))
    (fp_line (start -0.115835 0.36) (end 0.115835 0.36) (layer F.SilkS) (width 0.12))
    (fp_line (start -0.115835 -0.36) (end 0.115835 -0.36) (layer F.SilkS) (width 0.12))
    (fp_line (start 0.5 0.25) (end -0.5 0.25) (layer F.Fab) (width 0.1))
    (fp_line (start 0.5 -0.25) (end 0.5 0.25) (layer F.Fab) (width 0.1))
    (fp_line (start -0.5 -0.25) (end 0.5 -0.25) (layer F.Fab) (width 0.1))
    (fp_line (start -0.5 0.25) (end -0.5 -0.25) (layer F.Fab) (width 0.1))
    (fp_text user %R (at 0 0 135) (layer F.Fab)
      (effects (font (size 0.25 0.25) (thickness 0.04)))
    )
    (pad 1 smd roundrect (at -0.5675 0 315) (size 0.735 0.62) (layers F.Cu F.Paste F.Mask) (roundrect_rratio 0.25)
      (net 2 +3V3))
    (pad 2 smd roundrect (at 0.5675 0 315) (size 0.735 0.62) (layers F.Cu F.Paste F.Mask) (roundrect_rratio 0.25)
      (net 1 GND))
    (model ${KISYS3DMOD}/Capacitor_SMD.3dshapes/C_0402_1005Metric.wrl
      (at (xyz 0 0 0))
      (scale (xyz 1 1 1))
      (rotate (xyz 0 0 0))
    )
  )

  (module Capacitor_SMD:C_0402_1005Metric_Pad0.74x0.62mm_HandSolder (layer F.Cu) (tedit 5F6BB22C) (tstamp 61ED50F2)
    (at 165.1 64.368717 135)
    (descr "Capacitor SMD 0402 (1005 Metric), square (rectangular) end terminal, IPC_7351 nominal with elongated pad for handsoldering. (Body size source: IPC-SM-782 page 76, https://www.pcb-3d.com/wordpress/wp-content/uploads/ipc-sm-782a_amendment_1_and_2.pdf), generated with kicad-footprint-generator")
    (tags "capacitor handsolder")
    (path /61EED919)
    (attr smd)
    (fp_text reference C3 (at -0.014342 -0.014342 135) (layer B.SilkS)
      (effects (font (size 0.6 0.6) (thickness 0.15)) (justify mirror))
    )
    (fp_text value 100n (at 0 1.16 135) (layer F.Fab)
      (effects (font (size 1 1) (thickness 0.15)))
    )
    (fp_text user %R (at 0 0 135) (layer F.Fab)
      (effects (font (size 0.25 0.25) (thickness 0.04)))
    )
    (fp_line (start -0.5 0.25) (end -0.5 -0.25) (layer F.Fab) (width 0.1))
    (fp_line (start -0.5 -0.25) (end 0.5 -0.25) (layer F.Fab) (width 0.1))
    (fp_line (start 0.5 -0.25) (end 0.5 0.25) (layer F.Fab) (width 0.1))
    (fp_line (start 0.5 0.25) (end -0.5 0.25) (layer F.Fab) (width 0.1))
    (fp_line (start -0.115835 -0.36) (end 0.115835 -0.36) (layer F.SilkS) (width 0.12))
    (fp_line (start -0.115835 0.36) (end 0.115835 0.36) (layer F.SilkS) (width 0.12))
    (fp_line (start -1.08 0.46) (end -1.08 -0.46) (layer F.CrtYd) (width 0.05))
    (fp_line (start -1.08 -0.46) (end 1.08 -0.46) (layer F.CrtYd) (width 0.05))
    (fp_line (start 1.08 -0.46) (end 1.08 0.46) (layer F.CrtYd) (width 0.05))
    (fp_line (start 1.08 0.46) (end -1.08 0.46) (layer F.CrtYd) (width 0.05))
    (pad 2 smd roundrect (at 0.5675 0 135) (size 0.735 0.62) (layers F.Cu F.Paste F.Mask) (roundrect_rratio 0.25)
      (net 1 GND))
    (pad 1 smd roundrect (at -0.5675 0 135) (size 0.735 0.62) (layers F.Cu F.Paste F.Mask) (roundrect_rratio 0.25)
      (net 2 +3V3))
    (model ${KISYS3DMOD}/Capacitor_SMD.3dshapes/C_0402_1005Metric.wrl
      (at (xyz 0 0 0))
      (scale (xyz 1 1 1))
      (rotate (xyz 0 0 0))
    )
  )

  (module Capacitor_SMD:C_0402_1005Metric_Pad0.74x0.62mm_HandSolder (layer F.Cu) (tedit 5F6BB22C) (tstamp 61ED5103)
    (at 176.128717 66.441283 225)
    (descr "Capacitor SMD 0402 (1005 Metric), square (rectangular) end terminal, IPC_7351 nominal with elongated pad for handsoldering. (Body size source: IPC-SM-782 page 76, https://www.pcb-3d.com/wordpress/wp-content/uploads/ipc-sm-782a_amendment_1_and_2.pdf), generated with kicad-footprint-generator")
    (tags "capacitor handsolder")
    (path /61EEE42D)
    (attr smd)
    (fp_text reference C4 (at -0.028684 0 45) (layer B.SilkS)
      (effects (font (size 0.6 0.6) (thickness 0.15)) (justify mirror))
    )
    (fp_text value 100n (at 0 1.16 45) (layer F.Fab)
      (effects (font (size 1 1) (thickness 0.15)))
    )
    (fp_line (start 1.08 0.46) (end -1.08 0.46) (layer F.CrtYd) (width 0.05))
    (fp_line (start 1.08 -0.46) (end 1.08 0.46) (layer F.CrtYd) (width 0.05))
    (fp_line (start -1.08 -0.46) (end 1.08 -0.46) (layer F.CrtYd) (width 0.05))
    (fp_line (start -1.08 0.46) (end -1.08 -0.46) (layer F.CrtYd) (width 0.05))
    (fp_line (start -0.115835 0.36) (end 0.115835 0.36) (layer F.SilkS) (width 0.12))
    (fp_line (start -0.115835 -0.36) (end 0.115835 -0.36) (layer F.SilkS) (width 0.12))
    (fp_line (start 0.5 0.25) (end -0.5 0.25) (layer F.Fab) (width 0.1))
    (fp_line (start 0.5 -0.25) (end 0.5 0.25) (layer F.Fab) (width 0.1))
    (fp_line (start -0.5 -0.25) (end 0.5 -0.25) (layer F.Fab) (width 0.1))
    (fp_line (start -0.5 0.25) (end -0.5 -0.25) (layer F.Fab) (width 0.1))
    (fp_text user %R (at 0 0 45) (layer F.Fab)
      (effects (font (size 0.25 0.25) (thickness 0.04)))
    )
    (pad 1 smd roundrect (at -0.5675 0 225) (size 0.735 0.62) (layers F.Cu F.Paste F.Mask) (roundrect_rratio 0.25)
      (net 2 +3V3))
    (pad 2 smd roundrect (at 0.5675 0 225) (size 0.735 0.62) (layers F.Cu F.Paste F.Mask) (roundrect_rratio 0.25)
      (net 1 GND))
    (model ${KISYS3DMOD}/Capacitor_SMD.3dshapes/C_0402_1005Metric.wrl
      (at (xyz 0 0 0))
      (scale (xyz 1 1 1))
      (rotate (xyz 0 0 0))
    )
  )

  (module Capacitor_SMD:C_0603_1608Metric_Pad1.08x0.95mm_HandSolder (layer F.Cu) (tedit 5F68FEEF) (tstamp 61ED5136)
    (at 163.9835 52.298 180)
    (descr "Capacitor SMD 0603 (1608 Metric), square (rectangular) end terminal, IPC_7351 nominal with elongated pad for handsoldering. (Body size source: IPC-SM-782 page 76, https://www.pcb-3d.com/wordpress/wp-content/uploads/ipc-sm-782a_amendment_1_and_2.pdf), generated with kicad-footprint-generator")
    (tags "capacitor handsolder")
    (path /61F0F680)
    (attr smd)
    (fp_text reference C7 (at 0.1535 -0.026) (layer B.SilkS)
      (effects (font (size 1 1) (thickness 0.15)) (justify mirror))
    )
    (fp_text value 1u (at 0 1.43) (layer F.Fab)
      (effects (font (size 1 1) (thickness 0.15)))
    )
    (fp_line (start 1.65 0.73) (end -1.65 0.73) (layer F.CrtYd) (width 0.05))
    (fp_line (start 1.65 -0.73) (end 1.65 0.73) (layer F.CrtYd) (width 0.05))
    (fp_line (start -1.65 -0.73) (end 1.65 -0.73) (layer F.CrtYd) (width 0.05))
    (fp_line (start -1.65 0.73) (end -1.65 -0.73) (layer F.CrtYd) (width 0.05))
    (fp_line (start -0.146267 0.51) (end 0.146267 0.51) (layer F.SilkS) (width 0.12))
    (fp_line (start -0.146267 -0.51) (end 0.146267 -0.51) (layer F.SilkS) (width 0.12))
    (fp_line (start 0.8 0.4) (end -0.8 0.4) (layer F.Fab) (width 0.1))
    (fp_line (start 0.8 -0.4) (end 0.8 0.4) (layer F.Fab) (width 0.1))
    (fp_line (start -0.8 -0.4) (end 0.8 -0.4) (layer F.Fab) (width 0.1))
    (fp_line (start -0.8 0.4) (end -0.8 -0.4) (layer F.Fab) (width 0.1))
    (fp_text user %R (at 0 0) (layer F.Fab)
      (effects (font (size 0.4 0.4) (thickness 0.06)))
    )
    (pad 1 smd roundrect (at -0.8625 0 180) (size 1.075 0.95) (layers F.Cu F.Paste F.Mask) (roundrect_rratio 0.25)
      (net 3 +3.3VA))
    (pad 2 smd roundrect (at 0.8625 0 180) (size 1.075 0.95) (layers F.Cu F.Paste F.Mask) (roundrect_rratio 0.25)
      (net 1 GND))
    (model ${KISYS3DMOD}/Capacitor_SMD.3dshapes/C_0603_1608Metric.wrl
      (at (xyz 0 0 0))
      (scale (xyz 1 1 1))
      (rotate (xyz 0 0 0))
    )
  )

  (module Capacitor_SMD:C_0402_1005Metric_Pad0.74x0.62mm_HandSolder (layer F.Cu) (tedit 5F6BB22C) (tstamp 61ED5147)
    (at 180.9155 77.47 180)
    (descr "Capacitor SMD 0402 (1005 Metric), square (rectangular) end terminal, IPC_7351 nominal with elongated pad for handsoldering. (Body size source: IPC-SM-782 page 76, https://www.pcb-3d.com/wordpress/wp-content/uploads/ipc-sm-782a_amendment_1_and_2.pdf), generated with kicad-footprint-generator")
    (tags "capacitor handsolder")
    (path /61F2E5C4)
    (attr smd)
    (fp_text reference C8 (at 0.0675 0) (layer B.SilkS)
      (effects (font (size 0.6 0.6) (thickness 0.15)) (justify mirror))
    )
    (fp_text value 100n (at 0 1.16) (layer F.Fab)
      (effects (font (size 1 1) (thickness 0.15)))
    )
    (fp_text user %R (at 0 0) (layer F.Fab)
      (effects (font (size 0.25 0.25) (thickness 0.04)))
    )
    (fp_line (start -0.5 0.25) (end -0.5 -0.25) (layer F.Fab) (width 0.1))
    (fp_line (start -0.5 -0.25) (end 0.5 -0.25) (layer F.Fab) (width 0.1))
    (fp_line (start 0.5 -0.25) (end 0.5 0.25) (layer F.Fab) (width 0.1))
    (fp_line (start 0.5 0.25) (end -0.5 0.25) (layer F.Fab) (width 0.1))
    (fp_line (start -0.115835 -0.36) (end 0.115835 -0.36) (layer F.SilkS) (width 0.12))
    (fp_line (start -0.115835 0.36) (end 0.115835 0.36) (layer F.SilkS) (width 0.12))
    (fp_line (start -1.08 0.46) (end -1.08 -0.46) (layer F.CrtYd) (width 0.05))
    (fp_line (start -1.08 -0.46) (end 1.08 -0.46) (layer F.CrtYd) (width 0.05))
    (fp_line (start 1.08 -0.46) (end 1.08 0.46) (layer F.CrtYd) (width 0.05))
    (fp_line (start 1.08 0.46) (end -1.08 0.46) (layer F.CrtYd) (width 0.05))
    (pad 2 smd roundrect (at 0.5675 0 180) (size 0.735 0.62) (layers F.Cu F.Paste F.Mask) (roundrect_rratio 0.25)
      (net 1 GND))
    (pad 1 smd roundrect (at -0.5675 0 180) (size 0.735 0.62) (layers F.Cu F.Paste F.Mask) (roundrect_rratio 0.25)
      (net 4 NRST))
    (model ${KISYS3DMOD}/Capacitor_SMD.3dshapes/C_0402_1005Metric.wrl
      (at (xyz 0 0 0))
      (scale (xyz 1 1 1))
      (rotate (xyz 0 0 0))
    )
  )

  (module Capacitor_SMD:C_0402_1005Metric_Pad0.74x0.62mm_HandSolder (layer F.Cu) (tedit 5F6BB22C) (tstamp 61ED5158)
    (at 176.149 49.65592 270)
    (descr "Capacitor SMD 0402 (1005 Metric), square (rectangular) end terminal, IPC_7351 nominal with elongated pad for handsoldering. (Body size source: IPC-SM-782 page 76, https://www.pcb-3d.com/wordpress/wp-content/uploads/ipc-sm-782a_amendment_1_and_2.pdf), generated with kicad-footprint-generator")
    (tags "capacitor handsolder")
    (path /61F3AA61)
    (attr smd)
    (fp_text reference C9 (at 0.00108 0 270) (layer B.SilkS)
      (effects (font (size 0.6 0.6) (thickness 0.15)) (justify mirror))
    )
    (fp_text value 10p (at 0 1.16 90) (layer F.Fab)
      (effects (font (size 1 1) (thickness 0.15)))
    )
    (fp_line (start 1.08 0.46) (end -1.08 0.46) (layer F.CrtYd) (width 0.05))
